@RELATION distances

@ATTRIBUTE instance STRING
@ATTRIBUTE A NUMERIC
@ATTRIBUTE B NUMERIC
@ATTRIBUTE C NUMERIC
@ATTRIBUTE D NUMERIC
@ATTRIBUTE E NUMERIC
@ATTRIBUTE F NUMERIC

@DATA
A,0,16,47,72,77,79
B,16,0,37,57,65,66
C,47,37,0,40,30,35
D,72,57,40,0,31,23
E,77,65,30,31,0,10
F,79,66,35,23,10,0
